0.02514648437500
-0.00781250000000
0.00347900390625
0.01330566406250
0.00872802734375
-0.01623535156250
0.02764892578125
0.04534912109375
-0.00970458984375
0.00354003906250
-0.04138183593750
0.03704833984375
-0.03228759765625
0.02612304687500
-0.00103759765625
0.01556396484375
-0.01184082031250
0.01922607421875
0.01300048828125
-0.01239013671875
0.00775146484375
-0.02874755859375
0.01757812500000
0.01080322265625
0.00378417968750
-0.00933837890625
0.02972412109375
-0.00134277343750
0.00732421875000
0.01312255859375
-0.00018310546875
-0.00146484375000
