0.0316162109375
0.0159912109375
0.0270996093750
0.0078125000000
0.0220947265625
0.0111083984375
0.0371093750000
-0.0407714843750
0.0208740234375
-0.0178222656250
0.0388183593750
0.0168457031250
0.0257568359375
0.0119628906250
0.0213623046875
0.0196533203125
-0.0247802734375
-0.0086669921875
0.0382080078125
0.0065917968750
-0.0089111328125
0.0040283203125
0.0148925781250
0.0015869140625
-0.0036621093750
0.0122070312500
0.0042724609375
-0.0155029296875
-0.0350341796875
0.0068359375000
-0.0141601562500
-0.0006103515625
