Kênh [0]:
0.00000000000000
0.00000000000000
0.22808837890625
0.27087402343750
0.39001464843750
0.00000000000000
0.00000000000000
0.13293457031250
0.22863769531250
0.01562500000000
0.15728759765625
0.15039062500000
0.00000000000000
0.05212402343750
0.13079833984375
0.04650878906250
0.00000000000000
0.00000000000000
0.00000000000000
0.00000000000000
0.00000000000000
0.00000000000000
0.00000000000000
0.00000000000000
0.00000000000000
0.00000000000000
0.00000000000000
0.00000000000000
0.07617187500000
0.40936279296875
0.02703857421875
0.05615234375000
0.50054931640625
0.09899902343750
0.18811035156250
0.11798095703125

Kênh [1]:
0.00000000000000
0.34564208984375
0.64526367187500
0.39642333984375
0.47302246093750
0.00000000000000
0.63000488281250
0.51287841796875
0.27917480468750
0.15838623046875
0.38842773437500
0.00000000000000
0.37457275390625
0.21911621093750
0.24291992187500
0.11181640625000
0.16156005859375
0.00000000000000
0.16876220703125
0.18096923828125
0.15063476562500
0.11169433593750
0.28515625000000
0.22460937500000
0.14221191406250
0.21984863281250
0.27233886718750
0.11541748046875
0.16534423828125
0.27044677734375
0.41503906250000
0.18804931640625
0.29840087890625
0.20977783203125
0.28045654296875
0.02740478515625

Kênh [2]:
0.00000000000000
0.03582763671875
0.88439941406250
0.67333984375000
0.38189697265625
0.65509033203125
1.14569091796875
1.17181396484375
0.73773193359375
0.26940917968750
0.31353759765625
1.06573486328125
1.60260009765625
0.65759277343750
0.18762207031250
0.27539062500000
0.35510253906250
0.36724853515625
1.40527343750000
0.82330322265625
0.34100341796875
0.05395507812500
0.52441406250000
1.15454101562500
0.93682861328125
0.63995361328125
0.54937744140625
0.67645263671875
0.32214355468750
0.87225341796875
1.01214599609375
1.07379150390625
0.49877929687500
0.69140625000000
0.57000732421875
0.50567626953125

Kênh [3]:
0.63232421875000
0.80187988281250
0.79290771484375
0.89044189453125
0.81329345703125
0.83825683593750
0.74304199218750
0.54785156250000
0.19641113281250
0.17669677734375
0.68823242187500
0.97540283203125
0.71520996093750
0.39239501953125
0.28540039062500
0.28143310546875
0.26330566406250
0.79492187500000
0.86950683593750
0.55017089843750
0.38323974609375
0.67718505859375
0.51086425781250
0.71557617187500
0.74853515625000
0.63940429687500
0.56469726562500
0.66162109375000
0.60412597656250
0.54876708984375
0.86999511718750
0.63531494140625
0.47784423828125
0.45092773437500
0.39233398437500
0.47857666015625

Kênh [4]:
0.92944335937500
0.86724853515625
0.40045166015625
0.26000976562500
0.84649658203125
0.30456542968750
1.06237792968750
0.08972167968750
0.17846679687500
0.16717529296875
0.82452392578125
1.20623779296875
0.86456298828125
0.31781005859375
0.19805908203125
0.12738037109375
0.38031005859375
0.90240478515625
0.77941894531250
0.38641357421875
0.53173828125000
0.81170654296875
0.59521484375000
1.00341796875000
1.15106201171875
0.49505615234375
0.53564453125000
0.63623046875000
0.58380126953125
0.03973388671875
1.15093994140625
0.43743896484375
0.52893066406250
0.53228759765625
0.34735107421875
0.43402099609375

Kênh [5]:
0.47424316406250
0.77166748046875
0.58917236328125
0.46325683593750
0.52850341796875
0.94177246093750
0.74261474609375
0.21722412109375
0.00000000000000
0.00000000000000
0.10369873046875
0.85345458984375
0.22979736328125
0.09228515625000
0.00000000000000
0.00000000000000
0.00000000000000
0.26934814453125
0.38879394531250
0.39154052734375
0.00000000000000
0.06286621093750
0.00000000000000
0.40142822265625
0.39001464843750
0.53460693359375
0.49487304687500
0.53509521484375
0.24121093750000
0.48962402343750
0.53350830078125
0.42358398437500
0.26318359375000
0.22845458984375
0.23907470703125
0.92041015625000

Kênh [6]:
1.47039794921875
1.51574707031250
1.21118164062500
0.00000000000000
0.06219482421875
0.61199951171875
1.19274902343750
0.00000000000000
0.02850341796875
0.00000000000000
0.00000000000000
0.16058349609375
0.52197265625000
0.27929687500000
0.15820312500000
0.02282714843750
0.02166748046875
0.05487060546875
0.44097900390625
0.41156005859375
0.67492675781250
0.78503417968750
0.83349609375000
0.13092041015625
0.39550781250000
0.40045166015625
0.66156005859375
0.25952148437500
0.77990722656250
0.08007812500000
0.00000000000000
0.00000000000000
0.00000000000000
0.06359863281250
0.00000000000000
0.00000000000000

Kênh [7]:
0.60900878906250
0.58660888671875
0.39526367187500
0.16961669921875
0.98345947265625
1.03442382812500
0.46472167968750
0.08703613281250
0.11376953125000
0.03106689453125
0.00616455078125
1.08459472656250
0.83489990234375
0.00000000000000
0.00000000000000
0.09045410156250
0.04217529296875
0.69915771484375
0.73980712890625
0.26586914062500
0.29626464843750
0.32586669921875
0.29650878906250
0.67016601562500
0.73339843750000
0.41107177734375
0.32165527343750
0.48089599609375
0.49224853515625
0.44610595703125
0.66705322265625
0.40350341796875
0.14599609375000
0.36456298828125
0.46075439453125
0.46337890625000

Kênh [8]:
0.00000000000000
0.41033935546875
0.89678955078125
1.08581542968750
1.56237792968750
0.00000000000000
0.18725585937500
0.69024658203125
0.76660156250000
0.48937988281250
1.17388916015625
0.82531738281250
0.19750976562500
0.47375488281250
0.15289306640625
0.11676025390625
0.07415771484375
0.09777832031250
0.00000000000000
0.31066894531250
0.18408203125000
0.04687500000000
0.04394531250000
0.61798095703125
0.02514648437500
0.65051269531250
0.41284179687500
0.57110595703125
0.36071777343750
0.64086914062500
0.59112548828125
0.62701416015625
0.97192382812500
0.38769531250000
0.54858398437500
0.76843261718750

Kênh [9]:
0.40454101562500
0.51354980468750
0.26019287109375
0.24090576171875
0.59655761718750
0.32305908203125
0.47436523437500
0.10168457031250
0.13146972656250
0.09045410156250
0.45556640625000
0.56103515625000
0.16345214843750
0.04241943359375
0.27593994140625
0.25122070312500
0.30816650390625
0.63372802734375
0.49163818359375
0.10723876953125
0.03320312500000
0.32592773437500
0.51672363281250
0.90588378906250
0.61157226562500
0.31500244140625
0.47528076171875
0.27197265625000
0.61035156250000
0.32598876953125
0.57525634765625
0.37573242187500
0.32287597656250
0.53790283203125
0.30609130859375
0.20227050781250

Kênh [10]:
0.00000000000000
0.00000000000000
0.34368896484375
0.38964843750000
0.55377197265625
0.33990478515625
0.00000000000000
0.68627929687500
0.43035888671875
0.46380615234375
0.33959960937500
0.26879882812500
0.65246582031250
0.79846191406250
0.45819091796875
0.51770019531250
0.52252197265625
0.00000000000000
0.99114990234375
0.94201660156250
0.61022949218750
0.25103759765625
0.51037597656250
0.04418945312500
0.36584472656250
0.83392333984375
0.71813964843750
0.45770263671875
0.41662597656250
0.50781250000000
0.00000000000000
0.47430419921875
0.30718994140625
0.44067382812500
0.37738037109375
0.23272705078125

Kênh [11]:
0.48864746093750
0.34442138671875
0.37261962890625
0.20672607421875
0.30047607421875
0.56225585937500
0.76654052734375
0.48229980468750
0.29382324218750
0.13952636718750
0.14965820312500
0.59527587890625
0.76098632812500
0.54840087890625
0.11584472656250
0.06927490234375
0.06481933593750
0.77728271484375
0.76214599609375
0.42510986328125
0.33001708984375
0.49035644531250
0.41705322265625
0.79541015625000
0.57141113281250
0.51348876953125
0.42718505859375
0.55535888671875
0.28027343750000
0.21820068359375
0.59692382812500
0.58862304687500
0.48199462890625
0.27252197265625
0.37890625000000
0.41290283203125

Kênh [12]:
0.62341308593750
0.75964355468750
0.52246093750000
0.66375732421875
0.41503906250000
0.25915527343750
0.85302734375000
0.42614746093750
0.16845703125000
0.22753906250000
0.94372558593750
0.50720214843750
0.41455078125000
0.00000000000000
0.05895996093750
0.00000000000000
0.46771240234375
1.23333740234375
0.27954101562500
0.18017578125000
0.17150878906250
0.43646240234375
0.40881347656250
1.26928710937500
0.65191650390625
0.32684326171875
0.29394531250000
0.56451416015625
0.56921386718750
0.34014892578125
0.64654541015625
0.52191162109375
0.38958740234375
0.43072509765625
0.28509521484375
0.42187500000000

Kênh [13]:
0.74084472656250
0.89697265625000
0.76940917968750
0.74371337890625
0.66796875000000
0.60211181640625
0.56329345703125
0.71716308593750
0.75469970703125
0.37780761718750
0.25848388671875
0.69232177734375
0.87359619140625
0.69274902343750
0.32733154296875
0.35278320312500
0.31445312500000
0.00000000000000
0.81866455078125
0.75592041015625
0.62414550781250
0.45233154296875
0.61846923828125
0.02447509765625
0.97076416015625
0.54290771484375
0.52947998046875
0.56262207031250
0.73010253906250
0.14324951171875
0.67211914062500
0.85345458984375
0.49792480468750
0.73205566406250
0.17999267578125
0.24957275390625

Kênh [14]:
0.00000000000000
0.46057128906250
0.51483154296875
0.43206787109375
0.10839843750000
0.63720703125000
0.55224609375000
0.60797119140625
0.44848632812500
0.33685302734375
0.41290283203125
0.77056884765625
0.79296875000000
0.53265380859375
0.27899169921875
0.27307128906250
0.30346679687500
0.00000000000000
0.64471435546875
0.42120361328125
0.32769775390625
0.08026123046875
0.38146972656250
0.21166992187500
0.00000000000000
0.50512695312500
0.28625488281250
0.67761230468750
0.24938964843750
0.38323974609375
0.11029052734375
0.47985839843750
0.42443847656250
0.38018798828125
0.23181152343750
0.24389648437500

Kênh [15]:
0.29370117187500
0.23358154296875
0.00000000000000
0.14776611328125
0.49572753906250
0.29339599609375
0.00000000000000
0.16052246093750
0.32568359375000
0.29248046875000
0.12811279296875
0.71813964843750
0.11541748046875
0.45294189453125
0.33117675781250
0.33062744140625
0.27893066406250
0.47497558593750
0.20989990234375
0.38977050781250
0.72235107421875
0.60754394531250
0.39550781250000
0.06054687500000
0.30413818359375
0.33697509765625
0.21075439453125
0.02508544921875
0.30139160156250
0.00000000000000
0.00000000000000
0.21343994140625
0.32366943359375
0.37622070312500
0.00000000000000
0.01336669921875

Kênh [16]:
0.01373291015625
0.45446777343750
0.68438720703125
0.58569335937500
0.78106689453125
0.88116455078125
0.75476074218750
0.73785400390625
0.24230957031250
0.10485839843750
0.13482666015625
1.33929443359375
0.82098388671875
0.37567138671875
0.18542480468750
0.20343017578125
0.15960693359375
0.80584716796875
0.80090332031250
0.36193847656250
0.27001953125000
0.00000000000000
0.16186523437500
1.18261718750000
0.73834228515625
0.62609863281250
0.61309814453125
0.56427001953125
0.50183105468750
1.08270263671875
0.65795898437500
0.84539794921875
0.29022216796875
0.35668945312500
0.68554687500000
0.49926757812500

Kênh [17]:
0.59417724609375
0.35302734375000
0.19610595703125
0.35369873046875
1.03631591796875
0.68457031250000
0.37445068359375
0.28625488281250
0.20312500000000
0.26672363281250
0.21667480468750
1.25006103515625
0.18048095703125
0.25231933593750
0.16387939453125
0.19610595703125
0.13134765625000
0.52478027343750
0.39843750000000
0.33654785156250
0.05761718750000
0.22045898437500
0.26190185546875
0.39495849609375
0.51495361328125
0.59210205078125
0.62664794921875
0.44903564453125
0.41955566406250
0.35748291015625
0.41387939453125
0.40093994140625
0.31372070312500
0.44519042968750
0.17028808593750
0.40576171875000

Kênh [18]:
0.00000000000000
0.15490722656250
0.88629150390625
0.97918701171875
0.95275878906250
0.08673095703125
0.46350097656250
0.72784423828125
0.78436279296875
0.47045898437500
0.79107666015625
1.04949951171875
0.75830078125000
0.15844726562500
0.15887451171875
0.17541503906250
0.21203613281250
0.84069824218750
1.04205322265625
0.00000000000000
0.07226562500000
0.05816650390625
0.00567626953125
0.77307128906250
1.12554931640625
0.25811767578125
0.46807861328125
0.35711669921875
0.25225830078125
0.30139160156250
1.01025390625000
0.51489257812500
0.68041992187500
0.68920898437500
0.33142089843750
0.05029296875000

Kênh [19]:
0.02496337890625
0.20288085937500
0.29510498046875
0.06042480468750
0.12762451171875
0.44622802734375
0.21624755859375
0.07165527343750
0.10382080078125
0.16723632812500
0.10711669921875
0.59747314453125
0.38513183593750
0.19781494140625
0.25140380859375
0.22509765625000
0.17950439453125
0.36566162109375
0.34838867187500
0.35296630859375
0.16162109375000
0.16198730468750
0.23132324218750
0.44378662109375
0.19738769531250
0.42919921875000
0.26666259765625
0.21649169921875
0.21722412109375
0.49401855468750
0.09857177734375
0.10949707031250
0.00000000000000
0.16552734375000
0.36676025390625
0.18707275390625

Kênh [20]:
0.58142089843750
0.56463623046875
0.32556152343750
0.03796386718750
0.00000000000000
1.05517578125000
0.83544921875000
0.55511474609375
0.31134033203125
0.24676513671875
0.22198486328125
0.99133300781250
1.06890869140625
0.59997558593750
0.20489501953125
0.18676757812500
0.24011230468750
0.41235351562500
0.97454833984375
0.40838623046875
0.35638427734375
0.28271484375000
0.60437011718750
0.40942382812500
0.33105468750000
0.65545654296875
0.27166748046875
0.49304199218750
0.32202148437500
0.08166503906250
0.31207275390625
0.54339599609375
0.05822753906250
0.36840820312500
0.25170898437500
0.25805664062500

Kênh [21]:
0.00000000000000
0.00000000000000
0.42730712890625
0.29553222656250
0.71166992187500
0.49029541015625
0.00000000000000
0.31445312500000
0.29022216796875
0.06927490234375
0.10131835937500
0.67309570312500
0.00000000000000
0.00146484375000
0.00000000000000
0.06060791015625
0.01031494140625
0.26031494140625
0.08331298828125
0.00000000000000
0.00000000000000
0.00000000000000
0.00000000000000
0.13464355468750
0.09552001953125
0.00000000000000
0.25006103515625
0.31719970703125
0.00518798828125
0.45465087890625
0.20721435546875
0.13287353515625
0.09912109375000
0.19458007812500
0.06591796875000
0.29907226562500

Kênh [22]:
0.00000000000000
0.00000000000000
0.24755859375000
0.29077148437500
0.21734619140625
0.33221435546875
0.00000000000000
0.58331298828125
0.54058837890625
0.41925048828125
0.22119140625000
0.10705566406250
0.20159912109375
0.45086669921875
0.28625488281250
0.22564697265625
0.29113769531250
0.00000000000000
0.23681640625000
0.30773925781250
0.39825439453125
0.05462646484375
0.06610107421875
0.00000000000000
0.00000000000000
0.20410156250000
0.13842773437500
0.26824951171875
0.00000000000000
0.34167480468750
0.00000000000000
0.39160156250000
0.28314208984375
0.18939208984375
0.03729248046875
0.13977050781250

Kênh [23]:
0.48352050781250
0.28515625000000
0.14208984375000
0.28948974609375
1.05053710937500
0.20214843750000
0.20190429687500
0.07092285156250
0.08355712890625
0.11218261718750
0.98162841796875
1.23925781250000
0.00000000000000
0.09246826171875
0.08117675781250
0.13696289062500
0.40228271484375
0.84344482421875
0.07580566406250
0.08410644531250
0.25762939453125
0.33636474609375
0.80084228515625
0.67767333984375
0.34228515625000
0.47229003906250
0.42736816406250
0.25329589843750
0.26477050781250
0.31256103515625
0.58477783203125
0.15649414062500
0.59686279296875
0.22235107421875
0.17126464843750
0.28668212890625

Kênh [24]:
0.36437988281250
0.26062011718750
0.42413330078125
0.36560058593750
0.58355712890625
0.04595947265625
0.59625244140625
0.46606445312500
0.16137695312500
0.16888427734375
0.88458251953125
0.95025634765625
0.60998535156250
0.12335205078125
0.12628173828125
0.10882568359375
0.42114257812500
1.19018554687500
0.62963867187500
0.08319091796875
0.29669189453125
0.31066894531250
0.45501708984375
0.67144775390625
0.81378173828125
0.21423339843750
0.29125976562500
0.33624267578125
0.34814453125000
0.23248291015625
0.89636230468750
0.31762695312500
0.48004150390625
0.34057617187500
0.31872558593750
0.00000000000000

Kênh [25]:
1.55218505859375
1.55798339843750
1.21783447265625
0.36614990234375
0.80572509765625
0.93994140625000
1.78118896484375
0.63824462890625
0.00000000000000
0.00000000000000
0.61456298828125
0.68023681640625
1.10253906250000
0.00000000000000
0.08514404296875
0.00000000000000
0.25683593750000
1.57141113281250
0.90539550781250
0.25244140625000
0.49176025390625
0.98223876953125
0.78143310546875
1.46356201171875
1.04699707031250
0.44891357421875
0.75030517578125
0.82330322265625
0.76354980468750
0.49664306640625
1.36682128906250
0.22467041015625
0.21405029296875
0.22137451171875
0.24151611328125
0.84674072265625

Kênh [26]:
0.21478271484375
0.39526367187500
0.59088134765625
0.73699951171875
0.61346435546875
0.63488769531250
0.35992431640625
0.53491210937500
0.21166992187500
0.00335693359375
0.00000000000000
0.54681396484375
0.38568115234375
0.38104248046875
0.06390380859375
0.23687744140625
0.10308837890625
0.18591308593750
0.53308105468750
0.30621337890625
0.21173095703125
0.09704589843750
0.13989257812500
0.19128417968750
0.28131103515625
0.52532958984375
0.39147949218750
0.36291503906250
0.21008300781250
0.77264404296875
0.15393066406250
0.45190429687500
0.19073486328125
0.28643798828125
0.18395996093750
0.48272705078125

Kênh [27]:
0.00000000000000
0.08270263671875
0.17987060546875
0.39569091796875
0.21569824218750
0.26849365234375
0.04699707031250
0.16735839843750
0.16271972656250
0.11889648437500
0.05285644531250
0.00000000000000
0.15881347656250
0.27545166015625
0.11853027343750
0.19952392578125
0.11566162109375
0.00000000000000
0.11328125000000
0.39477539062500
0.25042724609375
0.07965087890625
0.00000000000000
0.03588867187500
0.00000000000000
0.14154052734375
0.11364746093750
0.07629394531250
0.19439697265625
0.35827636718750
0.00000000000000
0.08264160156250
0.00000000000000
0.00000000000000
0.12921142578125
0.09301757812500

Kênh [28]:
0.00000000000000
0.40966796875000
0.90441894531250
0.97119140625000
0.82116699218750
0.00000000000000
0.27288818359375
0.61181640625000
0.61553955078125
0.26037597656250
0.51940917968750
0.03942871093750
0.27410888671875
0.33197021484375
0.00000000000000
0.02758789062500
0.07208251953125
0.00000000000000
0.25201416015625
0.00000000000000
0.14300537109375
0.01025390625000
0.06781005859375
0.05627441406250
0.38385009765625
0.18688964843750
0.20434570312500
0.15167236328125
0.19543457031250
0.49407958984375
0.68133544921875
0.56939697265625
0.53881835937500
0.32025146484375
0.32586669921875
0.41925048828125

Kênh [29]:
0.25097656250000
0.24914550781250
0.22717285156250
0.00000000000000
0.32043457031250
0.48541259765625
0.37677001953125
0.14233398437500
0.21234130859375
0.42395019531250
0.24609375000000
0.52355957031250
0.56982421875000
0.41461181640625
0.41436767578125
0.45526123046875
0.38861083984375
1.20507812500000
0.65600585937500
0.71032714843750
0.55828857421875
0.49072265625000
0.57568359375000
1.03906250000000
0.31713867187500
0.40612792968750
0.39685058593750
0.40838623046875
0.32250976562500
0.48150634765625
0.19097900390625
0.22473144531250
0.05511474609375
0.25469970703125
0.28771972656250
0.00000000000000

Kênh [30]:
1.07342529296875
1.07043457031250
0.21234130859375
0.00000000000000
0.17639160156250
0.36572265625000
0.68811035156250
0.00000000000000
0.21722412109375
0.23022460937500
0.03918457031250
0.16815185546875
0.36096191406250
0.47857666015625
0.30285644531250
0.26269531250000
0.34924316406250
0.67169189453125
0.32556152343750
0.48596191406250
1.09112548828125
0.97418212890625
1.03448486328125
0.47088623046875
0.40045166015625
0.66546630859375
0.67022705078125
0.44403076171875
0.62280273437500
0.00000000000000
0.18493652343750
0.00000000000000
0.19750976562500
0.31896972656250
0.25396728515625
0.09533691406250

Kênh [31]:
0.00000000000000
0.48699951171875
0.67816162109375
0.43939208984375
0.62585449218750
0.00000000000000
0.29541015625000
0.42218017578125
0.00164794921875
0.00000000000000
0.75653076171875
0.76959228515625
0.00000000000000
0.05993652343750
0.08941650390625
0.07934570312500
0.00000000000000
0.08996582031250
0.42895507812500
0.00000000000000
0.00000000000000
0.00000000000000
0.00000000000000
0.72143554687500
0.24792480468750
0.11767578125000
0.36041259765625
0.10778808593750
0.19262695312500
0.55981445312500
0.52392578125000
0.16711425781250
0.37286376953125
0.07720947265625
0.25183105468750
0.00000000000000

Kênh [32]:
0.00000000000000
0.33117675781250
0.41192626953125
0.55401611328125
0.96014404296875
0.87719726562500
0.38098144531250
0.43847656250000
0.41265869140625
0.41339111328125
0.56701660156250
1.16888427734375
0.44531250000000
0.44110107421875
0.44531250000000
0.43878173828125
0.30957031250000
1.12738037109375
0.60925292968750
0.62860107421875
0.35314941406250
0.33685302734375
0.21563720703125
1.04498291015625
0.66918945312500
0.82104492187500
0.80688476562500
0.57666015625000
0.79095458984375
0.81134033203125
0.47241210937500
0.89270019531250
0.57562255859375
0.75146484375000
0.83972167968750
0.85046386718750

Kênh [33]:
0.34472656250000
0.61737060546875
0.58184814453125
0.34716796875000
0.71624755859375
0.17266845703125
0.27661132812500
0.00000000000000
0.19238281250000
0.30798339843750
0.27404785156250
0.47113037109375
0.27453613281250
0.31237792968750
0.49383544921875
0.39752197265625
0.60974121093750
0.79583740234375
0.43060302734375
0.45391845703125
0.66894531250000
0.66894531250000
0.64300537109375
0.44342041015625
0.26904296875000
0.63775634765625
0.76092529296875
0.55511474609375
0.62835693359375
0.42138671875000
0.15905761718750
0.00000000000000
0.25732421875000
0.27862548828125
0.20501708984375
0.00000000000000

Kênh [34]:
0.49157714843750
0.62835693359375
0.61798095703125
0.64208984375000
0.57934570312500
0.28564453125000
0.73181152343750
0.52081298828125
0.15191650390625
0.14117431640625
0.27172851562500
0.57562255859375
0.51269531250000
0.37445068359375
0.10601806640625
0.11846923828125
0.21325683593750
0.40643310546875
0.50830078125000
0.39392089843750
0.13214111328125
0.26953125000000
0.35247802734375
0.67602539062500
0.61712646484375
0.40484619140625
0.46203613281250
0.51916503906250
0.62371826171875
0.11804199218750
0.66943359375000
0.25958251953125
0.33154296875000
0.34100341796875
0.42187500000000
0.33508300781250

Kênh [35]:
0.91198730468750
0.64904785156250
0.79797363281250
0.94348144531250
1.61871337890625
0.85357666015625
0.49243164062500
0.82287597656250
0.61566162109375
0.40533447265625
1.31475830078125
1.68994140625000
0.35235595703125
0.65765380859375
0.38604736328125
0.50036621093750
0.55572509765625
1.45111083984375
0.77984619140625
0.62799072265625
0.47723388671875
0.68640136718750
0.80242919921875
0.78363037109375
0.99432373046875
1.07385253906250
0.95861816406250
0.84906005859375
0.72839355468750
1.11663818359375
1.36236572265625
0.72100830078125
1.03405761718750
0.86962890625000
0.69958496093750
1.13238525390625

Kênh [36]:
0.70495605468750
0.75537109375000
0.74169921875000
0.58728027343750
0.72723388671875
1.14160156250000
1.39898681640625
1.03344726562500
0.54699707031250
0.23718261718750
0.31726074218750
1.43066406250000
1.36987304687500
0.60168457031250
0.28356933593750
0.26513671875000
0.29803466796875
1.43804931640625
1.47039794921875
0.70086669921875
0.49707031250000
0.65167236328125
0.81414794921875
1.33551025390625
1.30950927734375
1.06665039062500
0.59954833984375
0.60864257812500
0.72619628906250
1.09429931640625
1.15771484375000
0.84509277343750
0.47863769531250
0.67034912109375
0.70611572265625
0.70935058593750

Kênh [37]:
0.00000000000000
0.01513671875000
0.00000000000000
0.22070312500000
0.18383789062500
0.00000000000000
0.00000000000000
0.00000000000000
0.02478027343750
0.04882812500000
0.65307617187500
0.38549804687500
0.00000000000000
0.00354003906250
0.03570556640625
0.00000000000000
0.48913574218750
0.91558837890625
0.00000000000000
0.00000000000000
0.30407714843750
0.13146972656250
0.50885009765625
0.73889160156250
0.00000000000000
0.00000000000000
0.00000000000000
0.00000000000000
0.10772705078125
0.00000000000000
0.00000000000000
0.00000000000000
0.01593017578125
0.03045654296875
0.00000000000000
0.00000000000000

Kênh [38]:
0.00000000000000
0.00000000000000
0.10583496093750
0.13067626953125
0.06152343750000
0.30792236328125
0.00000000000000
0.32611083984375
0.29260253906250
0.35296630859375
0.29144287109375
0.17297363281250
0.19952392578125
0.41723632812500
0.42218017578125
0.43719482421875
0.39636230468750
0.14996337890625
0.31390380859375
0.40319824218750
0.45416259765625
0.15252685546875
0.26666259765625
0.00000000000000
0.00000000000000
0.36248779296875
0.21301269531250
0.22918701171875
0.08081054687500
0.33331298828125
0.00000000000000
0.27648925781250
0.13635253906250
0.19519042968750
0.27410888671875
0.11608886718750

Kênh [39]:
0.00000000000000
0.10467529296875
0.14080810546875
0.08654785156250
0.34777832031250
0.63208007812500
0.25408935546875
0.09558105468750
0.16345214843750
0.22827148437500
0.24395751953125
1.25506591796875
0.71417236328125
0.21508789062500
0.23120117187500
0.24841308593750
0.18780517578125
1.17388916015625
0.74005126953125
0.45324707031250
0.00518798828125
0.21752929687500
0.14459228515625
0.87158203125000
0.54595947265625
0.32336425781250
0.36468505859375
0.36474609375000
0.29339599609375
0.35308837890625
0.69848632812500
0.21368408203125
0.36346435546875
0.28436279296875
0.14611816406250
0.00000000000000

Kênh [40]:
0.06713867187500
1.16455078125000
1.32409667968750
1.07019042968750
0.49792480468750
1.32067871093750
0.91448974609375
1.25903320312500
0.00000000000000
0.19073486328125
0.49145507812500
0.15917968750000
0.39709472656250
0.12512207031250
0.27648925781250
0.22576904296875
0.29638671875000
0.46838378906250
0.01440429687500
0.44396972656250
0.78894042968750
0.20452880859375
0.35595703125000
0.75030517578125
0.00000000000000
0.28717041015625
0.91949462890625
0.90643310546875
0.44622802734375
1.05865478515625
0.00000000000000
0.00000000000000
0.22918701171875
0.00000000000000
0.46697998046875
0.48748779296875

Kênh [41]:
0.00000000000000
0.00000000000000
0.00000000000000
0.00000000000000
0.00000000000000
0.00000000000000
0.00000000000000
0.00000000000000
0.00000000000000
0.00000000000000
0.00000000000000
0.00000000000000
0.00000000000000
0.00000000000000
0.00000000000000
0.00000000000000
0.00000000000000
0.00000000000000
0.00000000000000
0.00000000000000
0.00000000000000
0.00000000000000
0.00000000000000
0.00000000000000
0.00000000000000
0.00000000000000
0.00000000000000
0.00000000000000
0.00000000000000
0.00000000000000
0.00000000000000
0.00000000000000
0.00000000000000
0.00000000000000
0.00000000000000
0.00000000000000

Kênh [42]:
0.04467773437500
0.47436523437500
0.55560302734375
0.39538574218750
0.37481689453125
0.59002685546875
0.61297607421875
0.74279785156250
0.46643066406250
0.27795410156250
0.15136718750000
0.48339843750000
0.83782958984375
0.65130615234375
0.21069335937500
0.31036376953125
0.32006835937500
0.68621826171875
0.53088378906250
0.55316162109375
0.36096191406250
0.28955078125000
0.33026123046875
0.89721679687500
0.35009765625000
0.55517578125000
0.54980468750000
0.64648437500000
0.33831787109375
0.61541748046875
0.18756103515625
0.65539550781250
0.36065673828125
0.44732666015625
0.50073242187500
0.34777832031250

Kênh [43]:
0.37347412109375
0.87365722656250
0.78253173828125
0.69531250000000
0.67742919921875
0.51013183593750
1.15942382812500
0.67749023437500
0.17639160156250
0.15344238281250
0.38439941406250
1.02337646484375
1.05194091796875
0.04595947265625
0.00164794921875
0.04620361328125
0.00000000000000
1.11669921875000
1.00030517578125
0.23040771484375
0.00000000000000
0.00000000000000
0.00000000000000
1.19805908203125
0.66986083984375
0.38751220703125
0.53234863281250
0.74645996093750
0.53070068359375
0.61047363281250
0.93444824218750
0.52227783203125
0.39874267578125
0.34973144531250
0.37451171875000
0.36926269531250

Kênh [44]:
0.36260986328125
0.61437988281250
0.81445312500000
0.59057617187500
0.43872070312500
0.67596435546875
1.08551025390625
0.89245605468750
0.58300781250000
0.23693847656250
0.23992919921875
1.01239013671875
1.32080078125000
0.80242919921875
0.20568847656250
0.31018066406250
0.25183105468750
0.63336181640625
1.18640136718750
0.64807128906250
0.44897460937500
0.52996826171875
0.62512207031250
0.69818115234375
0.87658691406250
1.01104736328125
0.60363769531250
0.59027099609375
0.57464599609375
0.77917480468750
0.89538574218750
0.77062988281250
0.47387695312500
0.65008544921875
0.39373779296875
0.67266845703125

Kênh [45]:
0.00000000000000
0.00000000000000
0.00000000000000
0.00000000000000
0.00000000000000
0.00000000000000
0.00000000000000
0.00000000000000
0.00000000000000
0.00000000000000
0.00000000000000
0.00000000000000
0.00000000000000
0.00000000000000
0.00000000000000
0.00000000000000
0.00000000000000
0.00000000000000
0.00000000000000
0.00000000000000
0.00000000000000
0.00000000000000
0.00000000000000
0.00000000000000
0.00000000000000
0.00000000000000
0.00000000000000
0.00000000000000
0.00000000000000
0.00000000000000
0.00000000000000
0.00000000000000
0.00000000000000
0.00000000000000
0.00000000000000
0.00000000000000

Kênh [46]:
0.21405029296875
0.42456054687500
0.55963134765625
0.57916259765625
0.98651123046875
0.27337646484375
0.42333984375000
0.62756347656250
0.46331787109375
0.23107910156250
0.06689453125000
1.18420410156250
0.49365234375000
0.55572509765625
0.18542480468750
0.26947021484375
0.12628173828125
0.81506347656250
0.72540283203125
0.53424072265625
0.17016601562500
0.44909667968750
0.11529541015625
0.81280517578125
0.52185058593750
0.55291748046875
0.74694824218750
0.59796142578125
0.57818603515625
0.35064697265625
0.70227050781250
0.66149902343750
0.65106201171875
0.50769042968750
0.30346679687500
0.09277343750000

Kênh [47]:
0.27923583984375
0.80981445312500
1.08380126953125
0.95959472656250
1.01879882812500
0.44409179687500
0.78485107421875
1.09265136718750
0.83325195312500
0.41943359375000
0.71057128906250
0.50830078125000
0.59997558593750
0.59307861328125
0.13531494140625
0.26593017578125
0.26177978515625
0.50189208984375
0.71771240234375
0.44781494140625
0.29779052734375
0.17150878906250
0.20904541015625
0.55181884765625
0.54559326171875
0.52819824218750
0.64575195312500
0.72546386718750
0.62957763671875
0.64215087890625
0.91534423828125
0.86047363281250
0.75921630859375
0.64093017578125
0.61962890625000
0.66613769531250

Kênh [48]:
0.43353271484375
0.49786376953125
0.41595458984375
0.45965576171875
0.97698974609375
0.56976318359375
1.10406494140625
0.11206054687500
0.15380859375000
0.20227050781250
0.62677001953125
1.38128662109375
0.70935058593750
0.00000000000000
0.04296875000000
0.03271484375000
0.22949218750000
1.25030517578125
0.42675781250000
0.00000000000000
0.25482177734375
0.28338623046875
0.19879150390625
0.99505615234375
1.15832519531250
0.00000000000000
0.34454345703125
0.31768798828125
0.39630126953125
0.57171630859375
1.05566406250000
0.10375976562500
0.54132080078125
0.44744873046875
0.39886474609375
0.60552978515625

Kênh [49]:
0.38079833984375
0.36328125000000
0.26495361328125
0.29034423828125
0.69403076171875
0.39916992187500
0.63458251953125
0.16735839843750
0.00000000000000
0.00000000000000
0.23815917968750
0.76196289062500
0.85296630859375
0.00000000000000
0.00042724609375
0.00000000000000
0.00000000000000
0.62664794921875
1.01043701171875
0.00000000000000
0.00000000000000
0.00000000000000
0.00000000000000
0.64154052734375
0.59741210937500
0.13165283203125
0.25122070312500
0.27008056640625
0.16503906250000
0.23077392578125
0.54602050781250
0.02600097656250
0.08374023437500
0.24932861328125
0.04071044921875
0.00000000000000

Kênh [50]:
0.85876464843750
0.77551269531250
0.78546142578125
0.27453613281250
0.48321533203125
0.75213623046875
1.02313232421875
0.39495849609375
0.00000000000000
0.00000000000000
0.00000000000000
0.70306396484375
1.13336181640625
0.00000000000000
0.00000000000000
0.00000000000000
0.00000000000000
1.09442138671875
1.13049316406250
0.21929931640625
0.00000000000000
0.24798583984375
0.11767578125000
0.94818115234375
0.61035156250000
0.06341552734375
0.17407226562500
0.46044921875000
0.41259765625000
0.47863769531250
0.62310791015625
0.05755615234375
0.00000000000000
0.00000000000000
0.04553222656250
0.00054931640625

Kênh [51]:
1.56549072265625
1.31433105468750
1.04443359375000
0.39019775390625
0.82232666015625
0.87103271484375
1.74304199218750
0.00000000000000
0.00000000000000
0.00000000000000
0.25103759765625
0.71081542968750
1.10845947265625
0.07476806640625
0.00299072265625
0.00000000000000
0.07562255859375
1.12609863281250
0.84143066406250
0.32165527343750
0.26519775390625
0.61761474609375
0.40014648437500
1.05767822265625
1.15606689453125
0.29516601562500
0.60272216796875
0.58087158203125
0.58691406250000
0.51660156250000
1.13397216796875
0.31909179687500
0.21124267578125
0.23370361328125
0.24548339843750
0.70721435546875

Kênh [52]:
0.07775878906250
0.05505371093750
0.65350341796875
0.43554687500000
0.23236083984375
0.78894042968750
0.16210937500000
0.62329101562500
0.52478027343750
0.21411132812500
0.20935058593750
1.14331054687500
0.32220458984375
0.27191162109375
0.10180664062500
0.23620605468750
0.07354736328125
0.80664062500000
0.35760498046875
0.33209228515625
0.38970947265625
0.14630126953125
0.00000000000000
0.69781494140625
0.22412109375000
0.50988769531250
0.26879882812500
0.31866455078125
0.39880371093750
1.02014160156250
0.31781005859375
0.57745361328125
0.37036132812500
0.36077880859375
0.70385742187500
1.05035400390625

Kênh [53]:
0.36627197265625
0.66754150390625
0.68426513671875
0.40618896484375
0.11260986328125
1.13452148437500
1.40338134765625
0.92852783203125
0.19097900390625
0.20690917968750
0.10583496093750
0.53625488281250
1.27685546875000
0.54962158203125
0.21459960937500
0.25506591796875
0.18438720703125
0.94219970703125
0.93359375000000
0.55877685546875
0.53771972656250
0.60107421875000
0.47229003906250
1.30352783203125
0.79174804687500
0.80242919921875
0.33782958984375
0.49517822265625
0.30383300781250
0.59564208984375
0.37548828125000
0.75250244140625
0.15429687500000
0.31072998046875
0.50268554687500
0.37567138671875

Kênh [54]:
0.40454101562500
0.32269287109375
0.12127685546875
0.08691406250000
0.35156250000000
0.71691894531250
0.44934082031250
0.23474121093750
0.11743164062500
0.16656494140625
0.26922607421875
0.21954345703125
0.54010009765625
0.33337402343750
0.07171630859375
0.05444335937500
0.10900878906250
0.62756347656250
0.42504882812500
0.25665283203125
0.27929687500000
0.47204589843750
0.33966064453125
0.71759033203125
0.21112060546875
0.44744873046875
0.22015380859375
0.37689208984375
0.23370361328125
0.26232910156250
0.41778564453125
0.33978271484375
0.30584716796875
0.25402832031250
0.31878662109375
0.57696533203125

Kênh [55]:
0.00000000000000
0.58361816406250
1.10028076171875
0.89959716796875
1.02655029296875
0.30761718750000
0.58172607421875
0.87969970703125
0.64007568359375
0.34979248046875
0.96270751953125
1.54193115234375
0.73803710937500
0.16510009765625
0.35760498046875
0.45715332031250
0.26513671875000
1.37145996093750
0.73205566406250
0.26019287109375
0.43853759765625
0.23925781250000
0.22094726562500
1.15460205078125
0.52264404296875
0.16839599609375
0.75372314453125
0.59179687500000
0.67498779296875
1.12280273437500
0.73272705078125
0.59210205078125
0.69445800781250
0.63250732421875
1.07366943359375
0.56311035156250

Kênh [56]:
0.03759765625000
0.15600585937500
0.35388183593750
0.47692871093750
0.42791748046875
0.73730468750000
0.00000000000000
0.32092285156250
0.46612548828125
0.51635742187500
0.41564941406250
0.25152587890625
0.45288085937500
0.84362792968750
0.52642822265625
0.56768798828125
0.53863525390625
0.14813232421875
0.50018310546875
0.82714843750000
0.90173339843750
0.59802246093750
0.49261474609375
0.00000000000000
0.14489746093750
0.70965576171875
0.78253173828125
0.49914550781250
0.49438476562500
0.58947753906250
0.00000000000000
0.25610351562500
0.38903808593750
0.32745361328125
0.26409912109375
0.35809326171875

Kênh [57]:
0.00000000000000
0.29357910156250
1.02587890625000
1.08129882812500
1.34747314453125
0.06304931640625
0.00000000000000
0.82269287109375
0.70312500000000
0.40124511718750
1.04681396484375
0.62878417968750
0.00000000000000
0.37048339843750
0.00585937500000
0.02081298828125
0.08044433593750
0.23889160156250
0.00000000000000
0.04632568359375
0.25396728515625
0.00000000000000
0.00000000000000
0.44342041015625
0.24700927734375
0.51977539062500
0.47515869140625
0.37493896484375
0.46643066406250
0.70843505859375
0.74176025390625
0.65850830078125
0.77722167968750
0.24896240234375
0.57250976562500
0.84576416015625

Kênh [58]:
0.40600585937500
0.45288085937500
0.22979736328125
0.45794677734375
0.89019775390625
1.06597900390625
0.73327636718750
0.24523925781250
0.06207275390625
0.11901855468750
0.15478515625000
1.23229980468750
0.86517333984375
0.09252929687500
0.15203857421875
0.11218261718750
0.09985351562500
0.97399902343750
0.66625976562500
0.66662597656250
0.36889648437500
0.48760986328125
0.23901367187500
0.82019042968750
0.82397460937500
0.46453857421875
0.53265380859375
0.52490234375000
0.54833984375000
0.38562011718750
0.33026123046875
0.30987548828125
0.18353271484375
0.34252929687500
0.41583251953125
0.07202148437500

Kênh [59]:
0.15747070312500
0.06555175781250
0.30035400390625
0.11535644531250
0.49298095703125
0.75854492187500
0.65673828125000
0.70916748046875
0.38830566406250
0.24920654296875
0.14379882812500
0.96807861328125
1.15954589843750
0.61096191406250
0.14495849609375
0.21197509765625
0.24133300781250
0.44158935546875
1.06854248046875
0.53588867187500
0.42187500000000
0.10028076171875
0.45007324218750
0.97747802734375
0.76477050781250
0.47442626953125
0.28186035156250
0.39367675781250
0.17938232421875
0.77087402343750
0.34979248046875
0.69995117187500
0.23876953125000
0.35479736328125
0.36688232421875
0.29028320312500

Kênh [60]:
0.34143066406250
0.43542480468750
0.42803955078125
0.60668945312500
0.85845947265625
0.57574462890625
0.32281494140625
0.75378417968750
0.59387207031250
0.54772949218750
0.81585693359375
0.98968505859375
0.31048583984375
0.82141113281250
0.34252929687500
0.38781738281250
0.32403564453125
0.59582519531250
0.52526855468750
0.69622802734375
0.41497802734375
0.49334716796875
0.43579101562500
0.35260009765625
0.67895507812500
0.85113525390625
0.78820800781250
0.69799804687500
0.75231933593750
0.48461914062500
0.78332519531250
0.73089599609375
0.75628662109375
0.64355468750000
0.62554931640625
0.86865234375000

Kênh [61]:
0.00000000000000
0.12268066406250
0.15063476562500
0.05145263671875
0.09313964843750
0.58905029296875
0.32476806640625
0.20989990234375
0.18914794921875
0.11987304687500
0.07147216796875
0.53076171875000
0.49139404296875
0.31927490234375
0.13043212890625
0.18267822265625
0.21105957031250
0.35168457031250
0.37322998046875
0.34234619140625
0.26495361328125
0.14031982421875
0.14349365234375
0.50915527343750
0.35644531250000
0.36785888671875
0.36639404296875
0.34631347656250
0.19049072265625
0.38659667968750
0.10607910156250
0.40667724609375
0.27001953125000
0.23339843750000
0.41418457031250
0.40136718750000

Kênh [62]:
0.50585937500000
0.64727783203125
0.28814697265625
0.00000000000000
0.00018310546875
0.54528808593750
0.62969970703125
0.00000000000000
0.03887939453125
0.06427001953125
0.12463378906250
0.09692382812500
0.34619140625000
0.21673583984375
0.10711669921875
0.05712890625000
0.00885009765625
0.31079101562500
0.15649414062500
0.29028320312500
0.46722412109375
0.91552734375000
0.50067138671875
0.21459960937500
0.25921630859375
0.36059570312500
0.23059082031250
0.51660156250000
0.25628662109375
0.00000000000000
0.52819824218750
0.12115478515625
0.25958251953125
0.11334228515625
0.06756591796875
0.29168701171875

Kênh [63]:
0.00000000000000
0.13708496093750
0.56164550781250
0.80999755859375
0.95031738281250
0.30480957031250
0.48590087890625
0.41748046875000
0.57116699218750
0.35412597656250
0.84326171875000
0.76269531250000
0.68377685546875
0.25921630859375
0.11871337890625
0.19390869140625
0.21289062500000
0.79711914062500
0.72442626953125
0.38159179687500
0.08477783203125
0.08282470703125
0.31488037109375
0.51739501953125
0.69213867187500
0.44244384765625
0.46868896484375
0.50897216796875
0.30535888671875
0.22399902343750
0.79797363281250
0.58795166015625
0.50262451171875
0.56970214843750
0.41766357421875
0.27453613281250

